# uncut_all_cnt	uncut_match_cnt	DpnI_all_cnt	DpnI_match_cnt	MboI_all_cnt	MboI_match_cnt
# 2000000	399525	2000000	342177	2000000	442542
# DAMRatio	motif	uncut_cnt	DpnI_cnt	MboI_cnt	uncut_CPM	DpnI_CPM	MboI_CPM
1.902092e+01	GATCAGCCAATAAGCTGACAAAAAG	55	4	122	140.166448	14.612321	277.939721
1.701058e+01	AGGCACGTAAGACCAAGCCTGAATT	17	4	109	45.053501	14.612321	248.563978
1.639201e+01	GTATGATGCGATAATTACAAGAAGA	32	4	105	82.598085	14.612321	239.525288
1.612691e+01	GTAAGCCAAGATGTCCATCACAGTA	28	6	145	72.586196	20.457249	329.912189
1.469095e+01	AAGAGTACTGTACAAATTAATGTCA	30	5	113	77.592141	17.534785	257.602668
1.431996e+01	CCGTTCCACAAATCTACCTGCTTCA	888	420	7796	2225.142357	1230.357388	17618.666703
1.208137e+01	GATATTTACATGATCTGAAACAGAC	47	7	124	120.142669	23.379713	282.459066
1.206204e+01	AAAAAACAACAGTAAGACAAGAAAA	42	9	155	107.627808	29.224641	352.508914
1.159812e+01	TGAGATTGCGTTAGTAAATATAACT	47	8	134	120.142669	26.302177	305.055791
1.121152e+01	CTAACGCCTGCTGCCTGATATAAAA	61	11	173	155.184281	35.069569	393.183020
1.074759e+01	TAAAACAATATAATTGCCACATTAA	45	9	138	115.136725	29.224641	314.094481
1.067027e+01	AAAGGTTATAGATTTAGAACTGCCG	48	9	137	122.645642	29.224641	311.834809
1.065309e+01	CGAAAGATAGTATTAATACAAATAC	38	8	123	97.615919	26.302177	280.199394
1.043831e+01	ACGGTTAGATTGTTTCCAGGCCTCC	27	7	107	70.083224	23.379713	244.044633
9.858402e+00	AATAGAAAGATAGTTGTCAAAAGAT	26	7	101	67.580252	23.379713	230.486598
9.536232e+00	GAAGTAAATTGGCATACAACAAAGT	34	8	110	87.604030	26.302177	250.823651
9.536232e+00	AGAAGCTCAAGTAGCCACTACACCA	35	8	110	90.107002	26.302177	250.823651
9.278496e+00	GATTGTCTTATGATAATTATAGATC	55	9	119	140.166448	29.224641	271.160703
9.106672e+00	GTTTGGAAAGATATTCCCAGATGTC	36	8	105	92.609974	26.302177	239.525288
9.106672e+00	ACCACCTTAACTAAGTCAAGCTCTG	37	8	105	95.112947	26.302177	239.525288
8.956326e+00	GCTACTTATAAATATACTAATAATA	37	11	138	95.112947	35.069569	314.094481
8.763024e+00	AGAATATTGGTATAAACAACCGTAC	45	8	101	115.136725	26.302177	230.486598
8.737250e+00	CAGTTTCGAAAAAATCGATTTAATT	48	9	112	122.645642	29.224641	255.342996
8.434996e+00	ATGTGCTCCAACAGTTAAAGCTATT	38	10	119	97.615919	32.147105	271.160703
8.376420e+00	GTACGAGACGCTGATTTACAAATTA	109	23	259	275.326951	70.139139	587.514857
8.224121e+00	TATACAAAGAAAGAACAGCCAGGAT	29	10	116	75.089168	32.147105	264.381686
8.054250e+00	GCTCCGAATATCCAACCCTATTGTA	29	11	124	75.089168	35.069569	282.459066
7.933786e+00	GAGTACCTACACACCATTGCCGCTC	94	22	235	237.782367	67.216674	533.282717
7.886721e+00	ATAAATCAGGCCACCGTCAACCCAC	31	9	101	80.095113	29.224641	230.486598
7.566392e+00	AACTACAACCGCACCTTGTCCTAGA	51	13	136	130.154559	40.914497	309.575136
6.903643e+00	CAGTTGTTATCCTAGCCAAGGGAGT	62	13	124	157.687254	40.914497	282.459066
5.321490e+00	ACTATGGAAGGAACAAAGTGGATAA	113	33	233	285.338840	99.363780	528.763372
4.987191e+00	GAGGAAGCATAATGCGACTGATTTT	67	19	128	170.202115	58.449282	291.497756
4.879801e+00	AGCGCTTTCAGCTAAACTTACCACA	134	44	283	337.901258	131.510885	641.746998
4.510380e+00	AACGAACCAAAGTCTACCAGGTTTA	93	35	209	235.279394	105.208708	474.531231
3.912901e+00	ATTAGACGGTAATGTATAAGGATAG	87	32	166	220.261561	96.441315	377.365312
3.293293e+00	GGCAAGACGCTGCGTTGTTACCGTG	60	26	114	152.681309	78.906531	259.862341
3.063093e+00	ATTGTCACCCTTGCCAGAAAGTATG	65	25	102	165.196170	75.984067	232.746270
2.982374e+00	GTGTTAATCATCCATCATCTTGAAG	46	27	107	117.639697	81.828995	244.044633
2.036114e+00	CATTTTAAGAAATTTAATACGTTAA	124	59	157	312.871535	175.347846	357.028259
1.746877e+00	ACCACGGCGAGAAAAAAAAGTGGGT	126	53	121	317.877480	157.813062	275.680048
1.696762e+00	GCAAAACTCTTATTAGCAAACTTCA	101	71	157	255.303173	210.417416	357.028259
1.299419e+00	AATTCAAACCCTTGGCTCTTGGCGA	97	71	120	245.291283	210.417416	273.420376
1.194958e+00	AAAACACTCGCAACCCGTGTGGCTG	128	87	135	322.883424	257.176841	307.315464
8.976322e-01	ACATCGTGAAGGACTCCAGTCTGGA	155	86	100	390.463676	254.254377	228.226925
7.094382e-01	CAGTGTCCGCTAATCCTCTTCTACC	122	96	88	307.865590	283.479018	201.110855
4.744685e-01	CTTCGTAAGCCTGAATACGCCGATT	105	87	53	265.315062	257.176841	122.022317
1.546416e-01	ATTTCGAGTATTATATAAGCGCAGT	72	104	20	182.716976	306.858731	47.453123
1.265750e-01	TATAGATCACAGTGCAAACGGCAAC	292	280	45	733.370878	821.212413	103.944936
1.263898e-01	CAAATCAGTAAGAAAGGTAGCGACT	75	103	16	190.225893	303.936267	38.414433
1.212875e-01	CCCTTACAGAAGTCAACATTAATGA	76	101	15	192.728866	298.091339	36.154760
1.002307e-01	CTAACCGCAAGTTCTTCTTCTTTAC	71	107	13	180.214004	315.626123	31.635415
9.732688e-02	TTGCCGGTCGACCTGACTCTTTGCA	100	142	17	252.800200	417.912367	40.674106
9.440330e-02	ACTAACGGTTGCCGAATCGACATGA	121	171	20	305.362618	502.663826	47.453123
9.079336e-02	TTCTCGAAATCTGAATATACTAACG	169	263	30	425.505288	771.530524	70.049848
8.671491e-02	GTACCTAATTGCCACTCTCTGTGCT	54	106	11	137.663475	312.703659	27.116070
8.591200e-02	TCGGCGGTATCTTTTAAGCCATCAA	48	116	12	122.645642	341.928300	29.375743
8.211058e-02	GGTCTTACGGGAACTCCCCCCATTC	65	112	11	165.196170	330.238444	27.116070
7.732080e-02	ATACGGGCAATACCCTCGCGCGTTA	88	169	16	222.764533	496.818898	38.414433
7.732080e-02	TTACGATTTTTTACGTTAGGTGAAC	99	149	14	250.297228	438.369616	33.895088
7.147301e-02	TTCTTTGGACCTTAATATCCAATGA	113	118	10	285.338840	347.773228	24.856398
7.121652e-02	GTACTCGCGCTTCACAGTGGGGTGC	98	151	13	247.794256	444.214544	31.635415
7.029163e-02	GAGTACTCCGGAAAGCGTATGTATA	110	142	12	277.829923	417.912367	29.375743
6.484970e-02	TGGGCGATAGTAACTGCAACCGAAG	72	154	12	182.716976	452.981936	29.375743
6.443400e-02	CATAAAAGCTCGACATTTTCGTATG	102	143	11	257.806145	420.834831	27.116070
4.920414e-02	CAGTGTGTACGGCTTAGGTCCCCGC	50	109	6	127.651586	321.471052	15.817708
4.482365e-02	GCTAGTGAATCACGACAATTGATTA	69	137	7	175.208060	403.300046	18.077380
4.460815e-02	TTTCAGTTTGCGCAAGAACTATCCA	65	103	5	165.196170	303.936267	13.558035
4.295600e-02	GTTCTTGTTAGATTATTGGACAGTA	86	125	6	217.758588	368.230477	15.817708
4.232890e-02	AATATGTTGATTCGACAGTGCACAA	115	273	14	290.344784	800.755165	33.895088
4.217498e-02	TGAGTCCTTGATCCCTTGCAACAGG	58	109	5	147.675364	321.471052	13.558035
4.042917e-02	TCGAGGATGCAAGACTCTGGTATGA	68	152	7	172.705087	447.137008	18.077380
3.950698e-02	ACTGATGTCGTCATTTCAGCCCCCA	75	136	6	190.225893	400.377582	15.817708
3.784934e-02	TCCTCAAACATGCTATAGCAGCTCG	61	142	6	155.184281	417.912367	15.817708
3.624412e-02	AACTTTTCCCTGAAATGCGCGAAGA	72	127	5	182.716976	374.075405	13.558035
2.945554e-02	CTGTTTTTAACACAGAAAAGTACTG	67	104	3	170.202115	306.858731	9.038690
2.252062e-02	TAATCAAAAACTTCATGCTCCCCGA	71	102	2	180.214004	301.013803	6.779018
1.895118e-02	TGCGCAAACTTCATAGAGGTATATA	148	203	4	372.942870	596.182677	11.298363
