# uncut_all_cnt	uncut_match_cnt	DpnI_all_cnt	DpnI_match_cnt	MboI_all_cnt	MboI_match_cnt
# 2000000	392634	2000000	375016	2000000	370995
# DAMRatio	motif	uncut_cnt	DpnI_cnt	MboI_cnt	uncut_CPM	DpnI_CPM	MboI_CPM
5.913405e+01	GATTATTTAAATCGTCTAAAACCAG	19	1	116	50.938024	5.333106	315.368132
3.807491e+01	TATAAGTAATAATTGCTGTTTGTTC	20	2	112	53.484925	7.999659	304.586315
3.537934e+01	GTGAGAAGTAACATCCCAATACAAG	12	2	104	33.109715	7.999659	283.022682
2.405795e+01	AGACTTTTACACGATTTATCGAGCT	7	4	118	20.375209	13.332764	320.759040
2.163194e+01	CGAAAACGTTTTGATGATTAGGCCG	9	4	106	25.469012	13.332764	288.413590
1.234667e+01	GTAAATATGCTACTGATTGCTAGTG	29	13	170	76.407036	37.331741	460.922654
1.190543e+01	GGAAAGTGTTGTGGGTTCCCGAGTA	21	8	105	56.031826	23.998976	285.718136
1.181903e+01	TAACACTAAAACTGTAACCCACCAA	40	12	151	104.422949	34.665188	409.709026
7.931194e+00	TGCACGCAGATTGTCAACCGGGAAT	19	12	101	50.938024	34.665188	274.936320
7.229026e+00	TAAGAAAGTCTCACCCAACACCGTA	72	32	235	185.923787	87.996245	636.127172
6.331041e+00	TGCGAGTGCACGCCAATTCCAAGGT	36	18	118	94.235344	50.664505	320.759040
5.442976e+00	AGGTTTTAGATAAATCATTAATGTG	63	25	139	163.001676	69.330375	377.363576
5.746547e-01	GACTGTGTGCAGAACACAGCCCAAC	150	145	82	384.582079	389.316722	223.722692
5.573782e-01	TATGACCAAAAGCCGGTTAAACATC	107	106	58	275.065328	285.321160	159.031793
5.151388e-01	ATAGCCAAAGTAGTTATTCGGCGGC	88	103	52	226.674205	277.321501	142.859068
4.261378e-01	AACGAAATACGGCACTTCATCGAGA	80	101	42	206.298996	271.988395	115.904527
4.103403e-01	TTCAAATTACCTACCCCAGTAGTCC	69	100	40	178.283083	269.321842	110.513619
3.751565e-01	ATGACCCAATAAGTTTACTGAACTT	141	193	71	361.659968	517.311261	194.072696
2.291234e-01	CCGATCCTGGATGAAATATGGATGC	137	149	33	351.472364	399.982934	91.645440
